[ 16  25  23 ... -21 -26 -26]
[-25 -22 -23 ... -20 -21 -19]
[-17 -15 -25 ... -10  -2 -10]
[-12 -10  -2 ... -24 -19 -21]
[-23 -23 -18 ...  20  24  19]
[ 27  24  18 ... -12 -21 -20]
[-20 -22 -17 ... -49 -47 -47]
[-43 -38 -34 ... -20 -29 -37]
[-43 -46 -44 ...  27  24  25]
[24 18 12 ... 52 49 43]
[47 41 41 ... -5 -6 -3]
[-7 -6 -6 ... -5 -1 -2]
[ 0 -1  2 ... 17 17 16]
[17 12 10 ... 16 13  7]
[ 5 13  7 ... 14 12 16]
[  8   4  14 ...  -9  -8 -15]
[-17  -7 -14 ... -12 -10 -14]
[-17 -21 -18 ...   6  -2  -3]
[ 0  4  8 ... 25 19 18]
[ 23  17  20 ... -16 -13 -15]
[-12 -21 -16 ...  21  25  22]
[18 16 14 ... -3 -5  2]
[ 3  5  3 ... 28 30 29]
[ 27  27  29 ... -26 -29 -31]
[-23 -19 -26 ... -40 -38 -36]
[-41 -41 -49 ...   0   4   3]
[ 10   9   4 ... -25 -18 -13]
[-15 -14 -13 ...  -5   7   6]
[ 8 12 12 ...  2  6 10]
[  9   4   9 ...  -9 -13 -13]
[-17 -19 -16 ...  19  19  15]
[16 12  8 ...  4 12  7]
[5 8 1 ... 6 1 2]
[ 4  0 -1 ... 12 10 15]
[ 16  15  14 ... -41 -40 -37]
[-35 -35 -43 ... -16 -16 -17]
[ -9  -5  -7 ... -20 -16 -13]
[ -4  -2  -3 ... -16 -18 -21]
[-11 -15 -20 ... -26 -27 -20]
[-29 -23 -26 ...  -6 -14 -20]
[-20 -26 -18 ... -16 -18 -21]
[-19 -26 -17 ...  41  37  38]
[ 47  40  40 ... -23 -18 -18]
[-15 -15  -8 ... -27 -35 -36]
[-33 -32 -32 ... -25 -21 -21]
[-25 -23 -14 ...  -5  -5  -1]
[-1  2  1 ...  5  4  5]
[10 17 21 ...  8  9 14]
[ 20  19  21 ... -62 -56 -54]
[-56 -47 -51 ... -31 -28 -22]
[-24 -20 -15 ... -34 -31 -29]
[-27 -31 -27 ...  12  13  11]
[17 21 26 ... 33 37 42]
[ 48  46  52 ... -50 -38 -44]
[-42 -39 -42 ... -45 -38 -36]
[-39 -36 -41 ...  52  43  45]
[46 44 47 ...  5  0  1]
[  5   1   7 ... -16 -19 -22]
[-23 -16 -19 ... -43 -46 -47]
[-43 -43 -42 ...  13  23  17]
[ 8  7 13 ... -9 -3 -5]
[-2 -2 -6 ... 26 15 19]
[ 21  22  22 ... -19 -19 -15]
[-17 -23 -22 ...  14  11   6]
[13 22 18 ... 65 59 58]
[54 48 51 ... 11 20 10]
[19 15 20 ... 14 16  7]
[  6  18  17 ... -22 -23 -19]
[-22 -20 -20 ... -12  -9 -12]
[-14 -12 -13 ...  37  37  39]
[36 39 34 ... 18 15 15]
[ 13   5  13 ... -11   0   3]
[ -2 -11  -6 ...  -4   0   1]
[ -4  -5 -14 ...  19  16  10]
[16 16 10 ...  2  7  8]
[ 3  7  2 ... 55 54 60]
[68 62 60 ... 19 15 13]
[11  7  0 ...  1 -1 -6]
[ -7  -9 -15 ...  14   8   0]
[-1  0 -2 ... 57 65 60]
[61 63 59 ... 20 18 22]
[ 28  16   6 ... -48 -49 -51]
[-44 -50 -50 ...  -2   8   0]
[-3  0  3 ... -2  0  3]
[ -5  -7   0 ...  -3  -5 -14]
[-16 -14  -5 ... 198 197 199]
[195 190 197 ... -47 -48 -43]
[-43 -43 -37 ...  46  42  39]
[ 35  35  32 ... -12 -18 -20]
[-19 -13 -13 ...  23  19  16]
[16 17 11 ... -7 -8 -4]
[ -6 -13  -8 ...  68  68  70]
[ 64  64  60 ... -29 -35 -36]
[-35 -33 -26 ...  15  13  18]
[ 15  12  19 ... -15 -11 -14]
[-9  0 -2 ...  5  7  7]
[ 4 10  9 ...  2  0  0]
[ 2  1  3 ... 39 48 39]
[ 41  43  35 ... -15 -15 -12]
[ -6   4   9 ... -33 -33 -28]
[-26 -25 -30 ...  -6  -5  -9]
[-15 -15 -20 ...  14  13  15]
[ 20  17  21 ... -23 -18  -9]
[-3 -1 -8 ...  2 -5 -1]
[-10 -13  -7 ...  33  32  41]
[42 44 46 ... 41 41 34]
[ 40  49  42 ... -19 -19 -30]
[-32 -34 -28 ...  26  27  27]
[13 12 18 ...  7 10  9]
[12 15  7 ... 39 47 46]
[46 40 42 ...  2  2  7]
[14 14  9 ... 53 51 54]
[50 43 36 ...  1  4  7]
[ 2 -1  4 ... 24 25 21]
[25 20 19 ... 19 16 20]
[20 20 20 ...  7  5  6]
[ -6 -12 -17 ... -32 -31 -25]
[-25 -22 -20 ...  13  12  15]
[ 16   9  11 ... -20 -24 -27]
[-21 -26 -15 ...  17  12   7]
[12  8 11 ... 16  8  9]
[11  8  6 ...  7 -1 -2]
[  2   1   0 ... -11  -9  -3]
[ -9 -13 -14 ...  21  22  19]
[ 17  22  19 ... -20 -13 -12]
[ -9 -11 -15 ...   4   3   1]
[ 0 -2 -2 ...  4  0  6]
[ 6  4  6 ...  5 -3  3]
[  7  10  10 ... -14 -19 -14]
[-11  -7 -10 ...  19  16  16]
[ 21  25  16 ... -41 -36 -31]
[-30 -35 -30 ...  53  60  60]
[ 63  63  60 ... -10 -14 -15]
[-20 -26 -29 ...   4  11  14]
[11 15 22 ... 11 16 14]
[13 12 13 ... 56 53 56]
[55 54 59 ... 12 10  8]
[ 4  6  5 ... 32 23 16]
[ 13  11   4 ... -52 -49 -53]
[-48 -51 -46 ...  26  23  21]
[ 23  13  10 ... -35 -36 -33]
[-29 -26 -22 ...  45  47  47]
[36 37 32 ...  3  3  4]
[-1  2  3 ... 40 43 44]
[ 40  40  44 ... -15 -11 -14]
[-18 -25 -21 ...  17  19  13]
[8 2 1 ... 2 4 5]
[  2  -3  -9 ... -13 -11 -13]
[-16 -16 -15 ... -15  -8  -6]
[-2 -7 -9 ...  5  7 11]
[13 20 24 ...  5  7  0]
[ 0  4  2 ... 52 45 46]
[51 58 56 ... 31 19 16]
[ 18   7   9 ... -26 -21 -18]
[-25 -24 -22 ...  19  19  16]
[15 20 19 ... 23 31 29]
[ 29  32  24 ... -30 -28 -24]
[-21 -21 -20 ...  17  17  27]
[29 25 18 ...  0  2 -5]
[-5 -1 -6 ... 20 23 18]
[18 16 17 ... -2  3  2]
[ 5  4  1 ... 14 11  6]
[ 2  7 10 ... 30 36 42]
[38 49 47 ... 20 15 13]
[12 16 12 ... -2 -3 -3]
[ 0  2  8 ... 13 11 19]
[29 31 22 ... 17 14 19]
[11  8 15 ... 21 24 28]
[ 28  35  40 ... -61 -65 -68]
[-68 -70 -77 ... -19 -18 -16]
[-24 -26 -25 ... -29 -34 -31]
[-30 -28 -22 ...  28  30  29]
[ 31  25  25 ...  -9 -17 -20]
[-22 -21 -28 ... -16  -8 -10]
[-6 -8 -3 ...  2  4 -3]
[ -4   0   5 ... -35 -38 -41]
[-35 -34 -30 ... -23 -18 -11]
[ -7 -11 -16 ...  13  17  15]
[10  8  9 ...  7 -1  1]
[ 11  11  11 ... -30 -40 -35]
[-25 -32 -33 ... -40 -40 -43]
[-40 -42 -46 ...   6   2   1]
[-1 -3 -4 ... 30 28 34]
[ 31  26  24 ... -31 -31 -32]
[-29 -30 -34 ... -64 -65 -67]
[-63 -64 -55 ... -28 -35 -28]
[-24 -29 -31 ... -71 -74 -71]
[-65 -66 -76 ...  -5  -9  -5]
[ -2   0   3 ... -41 -39 -37]
[-35 -35 -30 ...   4   5   8]
[ 6  4  4 ... 15 19 17]
[20 20 10 ... 24 25 33]
[37 32 37 ... 28 21 19]
[23 20 20 ... 29 32 35]
[ 34  29  24 ... -30 -33 -28]
[-24 -26 -21 ... -37 -32 -23]
[-24 -20 -12 ... -32 -25 -41]
[-37 -31 -42 ...   3  13  15]
[16 19  4 ... -5 -2  0]
[-3  4  3 ... 13 15 25]
[ 26  26  25 ... -13 -10  -3]
[ 1 -2  2 ... 32 26 20]
[21 13  7 ... -2 -3 -3]
[  1  -2  -5 ...  -5  -7 -12]
[-10 -13 -10 ...  25  19  26]
[18 13 10 ... 33 32 29]
[22 21 13 ...  4 17 14]
[12 16 25 ...  7  2 -1]
[ 6  4 -1 ... -4 -5 -4]
[-7 -2  2 ... -2 -3  1]
[ 1  2  9 ...  7 -2  5]
[ 7  8 11 ... -1  0 -1]
[  1  -1   1 ... -25 -22 -28]
[-20 -16 -13 ... -33 -35 -36]
[-46 -47 -48 ...  -6  -4 -12]
